[config]
e3=http://zx.zhongzhu71.com
e4=
ext=
dir=T:\images\
i1=80
i2=80
size=0
c1=1
c2=1
c3=1
c7=1
fw=1374
fh=746
fx=472
fy=147
cw1=300
cw2=200
cw3=200
autoupgrade=1
cbext=-1
cb2=0
lh1=380
